2800500
2800501
2800503
2800505
2800507
2800508
2800510
2800513
2800514
2800515
2800517
2800518
2800520
2800521
2800526
2800527
2800528
2800529
2800530
2800532
2800534
2800535
2800536
2800539
2800542
2800543
2800548
2800549
2800550
2800551
2800552
2800553
2800554
2800555
2800557
2800558
2800559
2800560
2800564_D
2800566_D
2800567
2800568_D
2800571_D
2800573
2800574
2800576
2800577
2800578
2800579
2800580
2800581
2800582
2800583
2800585
2800586_D
2800587
2800588
2800589
2800590
2800591
2800593
2800595
2800601
2800602
2800603
2800604
2800605
2800607
2800608
2800613
2800614
2800615
2800616
2800617
2800618
2800619
2800622
2800624
2800628
2800629
2800630
2800631
2800632
2800633
2800636
2800638
2800642
2800645
2800646
2800647
2800648
2800649
2800650
2800651
2800652
2800653
2800654
2800655
2800658
2800659
2800660_D
2800661
2800662
2800663
2800664
2800665
2800666
2800667
2800668
2800670
2800671
2800672
2800673
2800674
2800676
2800677
2800679
2800680
2800681
2800682
2800683_D
2800684
2800685
2800686
2800687
2800689
2800690
2800691
2800692
2800693
2800694
2800697_D
2800703
2800704
2800707
2800708
2800709
2800710
2800711
2800714
2800715
2800716
2800717
2800718
2800719
2800726
2800777
2800781
2800802
2800803
2800804
2800805
2800806
2800807
2800808
2800809
2800810
2800823
2800849
2800851
2800869
2800872
2800873
2800874
2800875
2800880
2800884
2800888
2800898
2800928
2800936
2800938
2800943
2800958
2800970
2801008
2801055
2801068
2801069
2801093
2801094
2801146
2801147
2801148
2801151
2801152
2801153
2801162
2801185
2801194
2801572
2801581
2801592
28_ADG009
28_ADG010
28_ADG011
28_ADG012
28_ADG043
28_ADG044
28_AND009
28_AND010
28_AND011
28_AND012
28_AND043
4000500
4000501
4000502
4000503
4000504
4000506
4000533
4000536
4000543
4000549_I
4000554
4000557
4000566
4000568
4000576
4000586
4000616
4000632
4000661
4000675
4000683
4000686
4000701_D
4000703_D
4000713
4000751_I
4000753_D
4000754
4000758
4000774
4000778
4000797
4000808_D
4000820_D
4000863
4000879
4000891_D
4000900
4000918
4000919
4000923
4000926
4000929
4000932
4000944_D
4001012
4001020
4001056
4001087
4001105
4001106
4001112
4001114
4001115
4001116
4001118
4001119
4001120
4001121
4001122
4001126
4001127
4001132
4001133
4001145
4001166_D
4001168
4001183
4001185
4001189
4001195
4001196
4001197
4001201
4001206
4001207
4001212
4001213
4001214
4001218
4001221
4001313
4001425
4001426
4001428
4001435
4001436
4001437_D
40_ADG019
40_ADG020
40_ADG021
40_ADG022
40_ADG023
40_ADG024
40_ADG025
40_ADG026
40_ADG027
40_ADG028
40_ADG029
40_ADG030
40_ADG039
40_AND019
40_AND021
40_AND022
40_AND026
40_AND027
40_AND028
40_AND029
40_AND030
40_AND038
40_AND039
4100508
4100515
4100517
4100519
4100520
4100524
4100527
4100534_D
4100537
4100538
4100545
4100549
4100550
4100554
4100559
4100560
4100566
4100568_D
4100577
4100578
4100954
41_ADG035
41_ADG036
41_ADG037
41_AND035
41_AND036
41_AND037
4200510
4200528
4200529
4200530
4200541_I
4200545
4200635
42_ADG040
42_AND040
5900500
5900501
5900505
5900509
5900510
5900512
5900520
5900522
5900524
5900527
5900528
5900529
5900535
5900537
5900542
5900543
5900544
5900546
5900549
5900550
5900554
5900556
5900558
5900560
5900563
5900564
5900566
5900569
5900570
5900572
5900578
5900580
5900581
5900584
5900585
5900587
5900588
5900589
5900591
5900593
5900594
5900595
5900596
5900597
5900600
5900602
5900606
5900607
5900608
5900609
5900613
5900615
5900616
5900617
5900622
5900623
5900624
5900625
5900627
5900630
5900631
5900644
5900645
5900646
5900649
5900651
5900653
5900654
5900655
5900656
5900658
5900667
5900668
5900670
5900671
5900672
5900674
5900679
5900680
5900684
5900691
5900692
5900695
5900699
5900700
5900701
5900704
5900706
5900707
5900709
5900711
5900720
5900847
5900912
5900967
5901165
5901180
5901361
59_ADG001
59_ADG002
59_ADG003
59_ADG004
59_ADG005
59_ADG006
59_ADG007
59_ADG008
59_AND002
59_AND003
59_AND004
59_AND005
59_AND006
59_AND007
59_AND008
6200506
6200528
6200529
6200542
6200560_I
6200565
6200567
6200569
6200602
6200604
6200605
6200612
6200641
6200653
6200661
6200670
6200672
6200687
6200732
6200734
6200736_D
6200737
6200738
6200756
6200779
6200783
6200789
6200792
6200812_D
62_ADG013
62_ADG014
62_ADG015
62_ADG016
62_ADG017
62_ADG018
62_AND013
62_AND015
62_AND016
62_AND018
6800501
6800502
6800514
6800526
6800538
6800543
6800559
6800603
6800604
6800607
6800609
6800610
6800613
6800636
6800647
6800652
6800653
6800657
6800668
6800669
6800671
6800681
6800683
6800685
6800692
6800703
6800710
6800720
6800721
6800729
6800738
6800763
6800765
6800770
6801064
68_ADG033
68_ADG034
68_AND034
