4400501
4400506_D
4400509
4400511
4400514
4400516
4400517
4400518
4400519
4400524
4400527
4400529
4400533
4400541
4400570
4400572
4400573
4400583
4400584
4400585
4400586
4400587
4400589
4400590
4400593
4400601
4400607_D
4400611
4400612
4400613
4400614
4400628
4400635
4400638
4400644
4400645
4400647
4400650
4400651
4400652
4400660
4400661
4400670
4400674
4400675
4400677
4400681
4400687
4400688
4400691
4400692
4400694
4400698
4400699
4400700
4400702
4400706
4400711
4400716
4400720
4400723
4400724
4400726
4400729
4400731
4400735
4400740
4400747
4400748
4400749
4400750
4400751
4400763
4400765
4400770
4400776
4400778
4400785
4400786
4400790
4400801
4400806
4400808_D
4400812
4400814
4400820
4400821
4400830
4400834
4400851
4400863_D
4400998
4401122
4402001
4402207
4402214
44_ADY012
44_ADY013
44_ADY014
44_ADY015
44_ADY016
44_ADY017
44_ADY018
44_ADY019
44_ADY025
44_AND012
44_AND013
44_AND016
44_AND018
44_AND019
5400500
5400507
5400513
5400531
5400532
5400543
5400548
5400549
5400554
5400555
5400564
5400568
5400570
5400571
5400574_D
5400583
5400590
5400591
5400592
5400594
5401070_D
5402068
5402075
54_ADY020
54_ADY021
54_ADY022
54_ADY023
54_AND021
5500504
5500506
5500507
5500508
5500509
5500513
5500519
5500537
5500538
5501011
5501081
5502034
55_ADY024
55_ADY026
5600536
5600562
5600621
56_ADY027
5700508_D
5700510
5700517
5700519
5700524
5700525
5700535
5700539
5700544
5700545
5700555_D
5700561
5700563
5700576_D
5700579_D
5700584
5700592
5700608
5700609
5700611
5700622
5700623_D
5700635
5700675
57_ADY009
57_ADY010
57_ADY011
57_ADY012
57_AND011
5800500
5800508
5800530
5800532
5800539
5800540
5800541
5800556
5800559
5800561
5800564
5800568
5800569
5800574
5800577
5800582
5800583_D
5800588
5800590
5800591
5800599
5800604
5800612
5800618
5800622
5800623
5800626
5800627
5800628
5800634
5800640
5800643
5800649_D
5800662
5800663
5800665
5800684
5800685
5800687
5800694
5800695
5800714
5800717
5800721
5800722
5800728
5800730
5800731
5800738
5800749
5800756
5800763
5800767
5800777
5800782
5800783
5800798
5800801
5800805
5800807
5800808
5800809
5800811
5800813
5800821
5800830
5800844
5800847_D
5800850
5800863
5800866
5800868
5800872
5800879
5800895_D
5800897
5800908
5800914
5800915_D
5800916
5800917
5800920
5800922
5800924
5800928
5800933
5800939
5800940
5800943_D
5800944
5800945
5800980
5801021
5801035
5801074
5801084
5801085
5801428
5804685_D
58_ADY001
58_ADY002
58_ADY003
58_ADY004
58_ADY005
58_ADY006
58_ADY007
58_ADY008
58_AND003
58_AND004
58_AND005
58_AND006
58_AND007
58_AND008
