4300511
4300513
4300526
4300527_D
4300537_D
4300539
4300544
4300546
4300554
4300563
4300565
4300570
4300572
4300573
4300575
4300577
4300578_D
4300605
4300607
4300608
4300623
4300625
4300640
4300652
4300653
4300665
4300678
4300681
4300684
4300687
4300688
4300693
4300694_D
4300695
4300696
4300701
4300710
4300711
4300714
4300718
4300719
4300729
4300753
4300754
4300758
4300762
4300769
4300777
4300782
4300784
4300788
4300789
4300790
4300791
4300808
4300809
4300813
4300815_D
4300816
4300818
4300819_D
4300823
4300825
4300828
4300831
4300832
4300841
4300842
4300848
4300849
4300850
4300851
4300862
4300867
4300868
4300873
4300881
4300883
4300895
4300903
4300908
4300909
4300919
4300923
4300926
4300928
4300929
4300931
4300934
4300935
4300936
4300939
4300940
4300941
4300944
4300948
4300949
4300954
4300961
4300965
4300966
4300975
4300980
4301004
4301027
4301031
4301033
4301047
4301108
4301257
4301262
4301272
4301273
4301855
4302099
43_ADW001
43_ADW002
43_ADW003
43_ADW004
43_ADW005
43_ADW006
43_ADW007
43_ADW008
43_ADW009
43_ADW010
43_ADW012
43_ADW013
43_ADW014
43_ADW015
43_ADW016
43_AND001
43_AND005
43_AND007
43_AND010
43_AND012
43_AND013
43_AND016
