2900501
2900519
2900550
2900555
2900560
2900582
2900588
2900597
2900604
2900618
2900621
2900627
2900653
2900654
2900662
2900671
2900677
2900686
2900691
2900716
2900718
2900729
2900900
2902005
29_ADS002
29_ADS003
29_AND002
29_AND003
3000504
3000506
3000510
3000568
3000580
3000617
3000634
3000641
3001003
3001009
3001011
3001019
3001023
3001033
3001076
3001094
3001219
3001220
3001228
3001243
3004665
30_ADS007
30_ADS008
30_ADS009
30_ADS010
30_AND007
30_AND008
30_AND009
30_AND010
3100502
3100503
3100505
3100507
3100508
3100509
3100510
3100511
3100512
3100513
3100514
3100516
3100518
3100519
3100523
3100524
3100527
3100528
3100535
3100540
3100545
3100547
3100553
3100575
3100583
3100665
3100668
3100710
31_ADS005
31_ADS006
31_AND005
31_AND006
3200509
3200528
3200529
3200558
3200574
3200590
3200634
3200652
3200662
3200690
3200772
3200884
3202006
3204675
32_ADS015
32_ADS016
32_AND015
32_AND016
3300501
3300504
3300508
3300518
3300533
3300535
3300536
3300540
3300542
3300547
3300548
3300549
3300550
3300551
3300554
33_ADS011
33_AND011
3400505
3400506
3400508
3400514
3400522
3400527
3400530
3400531
3400534
3400542
3400543
3400544
3400552
3400554
3400560
3400565
3400567
3400576
3400577
3400582
3400583
34_ADS012
34_ADS013
34_ADS014
34_AND013
6000507
6000515
6000520
6000521
6000535
6000540
6000549
6000550
6000569
6000574
6000576
6000578
6000583
6000585
6000588
6000594
6000607
6000608
6000611
6000613
6000617
6000618
6000625
6000627
6000628
6000633
6000650
6000652
6000659
6000665
6000669
6000670_I
6000672_I
6000678
6000684
6000689
6000707_I
6000710
6000730
6000735
6000736
6000745
6000776
6000777
6000786
6000831
6001239
60_ADS020
60_ADS021
60_ADS022
60_AND020
60_AND021
6100502
6100512
6100517
6100527
61_ADS019
61_AND019
6300501
6300518
6300529
6300547
6300553
6300597
63_ADS023
63_ADS024
63_AND023
63_AND024
6900502
6900503
6900510
6900512
6900520
69_ADS018
7100504
7100513
7100531
7100535
7100536
7100537
7100544
7100545
7100549
7100551
7100555
7100556
7100559
7100563
7100567
7100572
7100573
7100582
7100586
7100624
7102002
71_ADS017
71_ADS019
71_AND017
71_AND019
73_ADS025
73_AND025
7700500
7700514
7700518
7700524
7700527
7700529
7700531
7700536
7700542
7700554
7700558
7700559
7700560
7700562
7700564
7700569
7700570
7700576
7700577
7700579
7700585
7700586
7700587
7700588
7700592
7700597
77_ADS001
77_AND001
7800501
7800507
7800513
7800543
7800544
7800545
7800552
7800555
7800562
7800565
7800571
7800580
7800590
7800604
7800638
7800671
78_ADS004
78_AND004
